# rank	id	score	soft_hallu	soft_object	global_hallu	global_object	count_hallu	count_object
1	179	0.294548	0.294548	-0.016512	0.520483	0.143921	2	5
2	873	0.276580	0.276580	-0.026661	0.332658	0.060579	2	11
3	720	0.262397	0.262397	-0.007044	0.311301	0.015187	2	13
4	677	0.244979	0.258142	0.013163	0.469867	0.035429	2	16
5	859	0.238425	0.238425	-0.012057	0.387751	0.013954	2	27
6	979	0.238425	0.238425	-0.012057	0.387751	0.013954	2	27
7	338	0.235416	0.246487	0.011071	0.141806	0.052025	2	7
8	19	0.233330	0.233330	-0.052724	0.540060	0.019107	3	5
9	75	0.216817	0.230367	0.013550	0.576135	0.048556	3	13
10	893	0.194974	0.194974	-0.074829	0.325132	-0.000398	2	9
11	367	0.188050	0.207400	0.019350	0.316973	0.104242	2	10
12	385	0.182692	0.182692	-0.014174	0.155053	-0.002427	4	10
13	574	0.172621	0.172621	-0.025042	0.272659	0.010961	2	12
14	747	0.172197	0.186907	0.014710	0.385447	0.032059	3	18
15	857	0.154136	0.159984	0.005849	0.642564	0.004553	2	11
16	469	0.147280	0.185249	0.037970	0.308486	0.053540	4	4
17	149	0.144425	0.207237	0.062811	0.793127	0.162289	2	11
18	619	0.143619	0.143619	-0.003424	0.320244	0.022325	2	7
19	73	0.139497	0.139497	-0.003554	0.241620	0.131387	3	6
20	216	0.137395	0.137395	-0.004063	0.283248	0.011132	4	15
21	876	0.132671	0.132671	-0.017450	0.169846	0.025286	2	14
22	173	0.129620	0.129620	-0.076814	0.252878	-0.108802	2	6
23	422	0.128475	0.128475	-0.002641	0.269122	0.025289	4	20
24	185	0.123364	0.123364	-0.036714	0.042265	-0.027865	2	8
25	128	0.118446	0.118446	-0.000060	0.203824	0.074200	2	11
26	559	0.115385	0.115385	-0.011464	0.136146	0.028165	5	23
27	443	0.114668	0.114668	-0.029584	0.206472	-0.023647	7	18
28	296	0.112628	0.112628	-0.076147	0.127880	-0.098966	2	5
29	211	0.107738	0.107738	-0.010125	0.073207	0.073266	3	18
30	693	0.105429	0.185659	0.080230	0.246455	0.130937	2	7
31	770	0.104577	0.109838	0.005261	0.076126	0.068182	2	19
32	503	0.103594	0.103594	-0.004182	0.154701	0.042461	2	16
33	853	0.100480	0.145810	0.045330	0.399454	0.074092	3	4
34	348	0.099542	0.099542	-0.020979	0.056954	0.036184	2	16
35	730	0.098613	0.098613	-0.020199	0.256379	0.015073	2	10
36	567	0.097742	0.100264	0.002522	0.150659	0.058366	2	13
37	869	0.096151	0.101994	0.005843	0.173167	0.115030	2	10
38	502	0.094910	0.094910	-0.025746	0.313088	0.037907	2	14
39	232	0.091963	0.122599	0.030635	0.092939	0.042330	3	11
40	889	0.088629	0.088629	-0.048535	0.236970	-0.048186	2	4
41	163	0.088174	0.090140	0.001966	-0.013202	0.042830	7	8
42	841	0.080196	0.089287	0.009091	0.245491	0.035968	2	9
43	760	0.079957	0.086806	0.006849	0.103748	0.053498	3	17
44	376	0.079286	0.079286	-0.014566	0.085159	0.021342	3	21
45	39	0.078992	0.078992	-0.007074	0.062566	0.046589	2	11
46	963	0.078687	0.086835	0.008148	0.098447	0.033975	2	15
47	409	0.077835	0.077835	-0.000742	0.105798	0.019950	4	12
48	485	0.077518	0.083289	0.005770	0.197834	0.081736	3	7
49	981	0.074167	0.074167	-0.050370	0.088061	-0.015624	2	7
50	962	0.071104	0.071104	-0.186701	0.223379	-0.198599	3	5
51	908	0.066330	0.077652	0.011322	0.175695	-0.012485	5	6
52	36	0.066039	0.066039	-0.010064	-0.016644	0.045949	4	7
53	413	0.064432	0.084490	0.020058	0.219922	0.039337	2	17
54	672	0.063646	0.068092	0.004446	0.175903	-0.025935	2	6
55	22	0.059152	0.059152	-0.165761	0.741680	-0.249891	2	4
56	972	0.056200	0.081063	0.024863	0.158997	0.060045	4	19
57	365	0.054871	0.065864	0.010993	0.072266	0.040453	2	6
58	465	0.054160	0.054160	-0.006073	0.158492	-0.041490	2	6
59	985	0.054043	0.054043	-0.049349	0.097571	0.044495	2	5
60	932	0.053871	0.053871	-0.080611	0.127206	0.041935	8	9
61	1	0.051324	0.051324	-0.077675	0.073106	-0.093623	3	4
62	964	0.051264	0.068024	0.016760	0.129887	0.047471	4	19
63	991	0.050050	0.057084	0.007034	0.096174	0.033855	4	3
64	354	0.048819	0.048819	-0.002770	0.052427	0.020123	4	10
65	238	0.047841	0.080334	0.032492	0.038028	0.071245	2	19
66	587	0.046649	0.075532	0.028883	0.131209	0.030261	2	22
67	839	0.046183	0.095407	0.049224	0.295859	0.137256	2	10
68	651	0.040615	0.040615	-0.011790	0.048527	0.048124	2	3
69	320	0.039688	0.039688	-0.058864	0.096426	-0.025671	2	6
70	107	0.039099	0.039099	-0.012761	0.033290	0.048829	4	10
71	584	0.038963	0.051882	0.012919	0.171163	0.072838	2	14
72	890	0.038867	0.038867	-0.091949	0.050437	-0.104828	2	8
73	254	0.037772	0.037772	-0.005435	0.137461	0.042867	3	16
74	825	0.036736	0.036736	-0.034336	0.051800	0.004085	2	9
75	363	0.034907	0.034907	-0.013568	0.115978	0.038222	2	13
76	463	0.034221	0.038215	0.003994	0.148280	0.041591	3	2
77	380	0.031674	0.034824	0.003150	0.112628	0.074943	4	8
78	84	0.031222	0.072647	0.041425	0.310216	0.105232	2	13
79	548	0.030175	0.030175	-0.035901	0.013327	-0.006891	2	14
80	116	0.029858	0.029858	-0.006595	0.083304	-0.061965	5	6
81	202	0.028663	0.041802	0.013139	0.018532	0.026336	2	13
82	610	0.028090	0.085693	0.057603	0.111295	0.034660	4	12
83	172	0.027501	0.035744	0.008242	0.059063	-0.024566	16	6
84	462	0.027004	0.027004	-0.007787	0.075536	-0.006184	3	30
85	392	0.026380	0.026380	-0.062206	0.211093	-0.046768	2	6
86	808	0.026294	0.037586	0.011292	0.228050	0.032028	2	17
87	980	0.024620	0.024620	-0.050274	0.008046	-0.047748	2	9
88	685	0.022942	0.084761	0.061819	0.211970	0.067617	8	8
89	766	0.022158	0.022158	-0.020447	0.090812	0.002096	3	14
90	231	0.022127	0.022127	-0.107179	0.139583	-0.049189	2	10
91	130	0.021802	0.021802	-0.139576	0.072937	-0.237780	3	5
92	782	0.021083	0.030006	0.008923	0.039872	0.044904	4	16
93	25	0.018335	0.022516	0.004182	0.064540	0.034758	7	5
94	508	0.017416	0.017416	-0.029972	0.080386	-0.035183	6	6
95	209	0.016740	0.062651	0.045911	0.278120	-0.001235	2	11
96	719	0.016240	0.016240	-0.002163	0.182625	0.039355	2	18
97	292	0.015379	0.015379	-0.008261	-0.008578	0.063979	2	13
98	187	0.013779	0.013779	-0.038458	0.140258	0.072993	3	7
99	506	0.012619	0.041621	0.029002	0.188829	0.206890	5	14
100	324	0.011821	0.011821	-0.126774	0.022932	-0.114980	12	5
101	516	0.011268	0.011268	-0.050024	0.016091	0.069235	5	5
102	24	0.009229	0.009229	-0.031623	0.089969	0.150161	9	6
103	266	0.008919	0.049915	0.040996	0.083301	0.045301	3	9
104	778	0.006587	0.041336	0.034749	0.097548	0.071620	2	3
105	417	0.004200	0.004200	-0.008148	0.059443	0.005469	2	24
106	797	0.003003	0.006211	0.003208	0.117052	0.022643	4	19
107	297	0.001677	0.004025	0.002348	-0.023152	0.046855	4	11
108	98	-0.000228	-0.000228	-0.126998	-0.017144	-0.165121	12	3
109	907	-0.000644	-0.000644	-0.001928	-0.000879	0.155775	12	11
110	660	-0.001569	0.037761	0.039330	0.104877	0.057697	3	14
111	206	-0.002075	-0.002075	-0.074500	0.033744	-0.009116	3	12
112	336	-0.002561	0.001113	0.003674	0.000064	0.078207	3	16
113	526	-0.003612	-0.001948	0.001663	0.055263	0.015608	4	13
114	317	-0.003921	-0.003921	-0.032749	0.105824	0.079319	6	9
115	655	-0.005616	0.000956	0.006572	0.062272	0.013119	2	13
116	26	-0.006155	0.004827	0.010982	-0.004715	0.087185	8	8
117	6	-0.006735	0.031654	0.038389	-0.001256	0.067019	2	12
118	47	-0.007914	-0.004722	0.003192	-0.000786	0.022304	6	10
119	252	-0.008107	-0.004605	0.003502	0.023550	0.065168	3	15
120	779	-0.008262	-0.008262	-0.024930	-0.005610	0.049456	2	4
121	943	-0.008782	-0.008782	-0.065207	-0.098521	-0.013792	3	7
122	213	-0.009195	-0.009195	-0.014490	0.105335	0.082875	3	6
123	256	-0.010022	-0.001957	0.008065	0.059869	0.022183	5	10
124	915	-0.010282	-0.010282	-0.018430	0.061329	-0.005788	2	10
125	350	-0.011953	-0.011953	-0.003823	0.033840	-0.021692	3	11
126	401	-0.012595	-0.012595	-0.106331	0.070537	-0.053896	3	6
127	346	-0.012788	-0.012788	-0.080667	0.117194	-0.021798	4	7
128	580	-0.016073	0.006420	0.022493	0.039300	0.122468	9	4
129	986	-0.016635	-0.016635	-0.087849	-0.051805	-0.071034	3	5
130	599	-0.020785	-0.020785	-0.032898	-0.006749	-0.051150	10	10
131	222	-0.021835	-0.017287	0.004548	-0.013253	0.024072	4	17
132	50	-0.022579	-0.013089	0.009490	-0.100050	0.087918	6	8
133	329	-0.023521	-0.023521	-0.025775	-0.015688	-0.030102	4	12
134	673	-0.024338	-0.004882	0.019457	0.016557	0.065033	2	11
135	199	-0.024730	-0.024730	-0.024661	0.030803	-0.026373	7	9
136	384	-0.028701	0.011269	0.039970	0.023628	0.186692	6	13
137	129	-0.028812	-0.028812	-0.019605	0.115431	-0.047450	2	7
138	792	-0.029555	-0.029555	-0.016282	-0.042276	-0.001105	8	17
139	379	-0.030028	-0.003849	0.026178	-0.042519	0.087213	3	16
140	630	-0.030317	-0.002806	0.027511	-0.025254	0.034088	2	7
141	67	-0.030642	-0.030642	-0.073301	-0.002764	-0.021216	5	7
142	868	-0.031239	-0.031239	-0.010759	-0.083881	0.031486	3	9
143	631	-0.033349	0.002471	0.035820	0.010307	0.055852	4	13
144	926	-0.034797	-0.034797	-0.021600	0.211613	-0.008360	3	7
145	632	-0.035011	-0.035011	-0.020023	-0.059319	-0.004401	6	11
146	936	-0.036930	-0.036930	-0.036501	0.044635	-0.001235	4	9
147	858	-0.037169	0.023943	0.061112	0.032922	0.133950	2	8
148	127	-0.037497	-0.009893	0.027605	0.058426	0.039542	7	10
149	78	-0.037576	-0.037576	-0.035355	0.086646	0.075272	2	4
150	77	-0.040059	-0.040059	-0.008375	-0.143962	0.022195	4	16
151	838	-0.043596	-0.043596	-0.012832	0.100437	-0.035407	2	3
152	644	-0.045098	-0.045098	-0.028879	-0.001546	0.055654	4	6
153	286	-0.045713	-0.045713	-0.047699	0.136067	-0.051542	3	10
154	289	-0.046073	-0.008651	0.037422	0.136236	0.055293	3	14
155	76	-0.050047	-0.000248	0.049800	0.054787	0.065586	3	11
156	122	-0.050901	-0.045805	0.005095	-0.081102	0.067078	4	13
157	341	-0.055662	-0.055662	-0.091972	0.053412	-0.050633	2	6
158	95	-0.058024	-0.057889	0.000136	0.018696	0.128717	3	9
159	106	-0.058232	-0.058232	-0.080357	-0.067417	-0.112291	2	7
160	775	-0.060929	-0.060929	-0.004354	0.139350	0.048640	2	10
161	471	-0.065626	-0.030673	0.034952	-0.115822	0.055288	2	9
162	714	-0.072774	-0.072774	-0.007441	-0.106131	0.067911	2	10
163	97	-0.073260	-0.073260	-0.009040	-0.145180	0.040164	3	6
164	312	-0.075038	-0.075038	-0.006393	-0.030108	0.035901	2	8
165	554	-0.075425	-0.072369	0.003055	-0.036397	0.007340	2	9
166	334	-0.081689	-0.081689	-0.010218	0.011898	-0.044564	2	6
167	653	-0.091983	-0.091416	0.000567	-0.200643	0.014962	2	19
168	358	-0.097552	-0.097552	-0.028174	-0.079637	-0.014028	2	9
169	864	-0.097799	-0.055542	0.042257	-0.102680	0.102926	2	6
170	227	-0.103202	-0.096148	0.007054	0.018420	0.094071	4	15
171	916	-0.108346	-0.080551	0.027796	-0.059896	0.066015	6	10
172	922	-0.121740	-0.121740	-0.001888	-0.066594	0.115062	2	12
173	14	-0.136292	-0.128624	0.007668	-0.004706	0.062800	2	11
174	120	-0.138312	-0.138312	-0.056559	-0.134722	-0.021296	4	9
175	772	-0.144591	-0.111624	0.032967	-0.005261	0.047976	2	8
176	896	-0.151895	-0.151895	-0.084963	-0.107477	-0.006402	2	5
177	35	-0.188851	-0.155690	0.033161	-0.127174	0.091743	2	4
178	432	-0.196957	-0.002961	0.193996	0.274167	0.354799	2	6
179	807	-0.205939	-0.205939	-0.001989	-0.241411	0.013941	2	17
180	282	-0.208998	-0.208998	-0.014147	-0.042270	0.018652	2	6
181	468	-0.213243	-0.161419	0.051824	-0.153111	0.111933	2	9
182	218	-0.238796	-0.074559	0.164237	-0.037732	0.256077	3	6
183	23	-0.283956	-0.283956	-0.019899	-0.241500	0.006091	2	5